(kicad_pcb (version 20171130) (host pcbnew "(5.1.5)-3")

  (general
    (thickness 1.6)
    (drawings 12)
    (tracks 1040)
    (zones 0)
    (modules 128)
    (nets 127)
  )

  (page A4)
  (layers
    (0 F.Cu signal)
    (31 B.Cu signal)
    (32 B.Adhes user)
    (33 F.Adhes user)
    (34 B.Paste user)
    (35 F.Paste user)
    (36 B.SilkS user)
    (37 F.SilkS user)
    (38 B.Mask user)
    (39 F.Mask user)
    (40 Dwgs.User user)
    (41 Cmts.User user)
    (42 Eco1.User user)
    (43 Eco2.User user)
    (44 Edge.Cuts user)
    (45 Margin user)
    (46 B.CrtYd user)
    (47 F.CrtYd user)
    (48 B.Fab user)
    (49 F.Fab user)
  )

  (setup
    (last_trace_width 0.25)
    (trace_clearance 0.2)
    (zone_clearance 0.508)
    (zone_45_only no)
    (trace_min 0.2)
    (via_size 0.8)
    (via_drill 0.4)
    (via_min_size 0.4)
    (via_min_drill 0.3)
    (uvia_size 0.3)
    (uvia_drill 0.1)
    (uvias_allowed no)
    (uvia_min_size 0.2)
    (uvia_min_drill 0.1)
    (edge_width 0.1)
    (segment_width 0.2)
    (pcb_text_width 0.3)
    (pcb_text_size 1.5 1.5)
    (mod_edge_width 0.15)
    (mod_text_size 1 1)
    (mod_text_width 0.15)
    (pad_size 1.524 1.524)
    (pad_drill 0.762)
    (pad_to_mask_clearance 0)
    (aux_axis_origin 0 0)
    (grid_origin 82.0928 70.9168)
    (visible_elements FFFFFF7F)
    (pcbplotparams
      (layerselection 0x010fc_ffffffff)
      (usegerberextensions false)
      (usegerberattributes false)
      (usegerberadvancedattributes false)
      (creategerberjobfile false)
      (excludeedgelayer true)
      (linewidth 0.100000)
      (plotframeref false)
      (viasonmask false)
      (mode 1)
      (useauxorigin false)
      (hpglpennumber 1)
      (hpglpenspeed 20)
      (hpglpendiameter 15.000000)
      (psnegative false)
      (psa4output false)
      (plotreference true)
      (plotvalue true)
      (plotinvisibletext false)
      (padsonsilk false)
      (subtractmaskfromsilk false)
      (outputformat 1)
      (mirror false)
      (drillshape 0)
      (scaleselection 1)
      (outputdirectory ""))
  )

  (net 0 "")
  (net 1 GND)
  (net 2 +5V)
  (net 3 +8V)
  (net 4 +24V)
  (net 5 +VSW)
  (net 6 +12V)
  (net 7 ENC_DATA)
  (net 8 ENC_CLK)
  (net 9 +15V)
  (net 10 +9V)
  (net 11 "Net-(J1-Pad2)")
  (net 12 "Net-(J1-Pad1)")
  (net 13 "Net-(J2-Pad1)")
  (net 14 "Net-(J2-Pad2)")
  (net 15 I2C_SCL)
  (net 16 I2C_SDA)
  (net 17 "Net-(A1-Pad17)")
  (net 18 SCK)
  (net 19 MOSI)
  (net 20 MISO)
  (net 21 CE_DISP)
  (net 22 ENC_BTN)
  (net 23 BTN_09)
  (net 24 LED_10)
  (net 25 LED_09)
  (net 26 BTN_05)
  (net 27 LED_08)
  (net 28 LED_07)
  (net 29 LED_06)
  (net 30 LED_05)
  (net 31 BTN_01)
  (net 32 LED_04)
  (net 33 LED_03)
  (net 34 LED_02)
  (net 35 LED_01)
  (net 36 "Net-(POT1-Pad3)")
  (net 37 "Net-(POT1-Pad2)")
  (net 38 "Net-(POT2-Pad2)")
  (net 39 "Net-(POT2-Pad3)")
  (net 40 /RELAY_1A)
  (net 41 /RELAY_1B)
  (net 42 /RELAY_2A)
  (net 43 /RELAY_2B)
  (net 44 "Net-(Q2-Pad8)")
  (net 45 "Net-(Q2-Pad7)")
  (net 46 "Net-(Q2-Pad6)")
  (net 47 "Net-(Q2-Pad5)")
  (net 48 "Net-(Q2-Pad4)")
  (net 49 "Net-(Q2-Pad3)")
  (net 50 "Net-(Q2-Pad2)")
  (net 51 "Net-(Q2-Pad1)")
  (net 52 "Net-(Q3-Pad1)")
  (net 53 "Net-(Q3-Pad3)")
  (net 54 "Net-(R21-Pad1)")
  (net 55 "Net-(R23-Pad1)")
  (net 56 "Net-(R29-Pad2)")
  (net 57 "Net-(R30-Pad2)")
  (net 58 "Net-(R31-Pad2)")
  (net 59 "Net-(R32-Pad2)")
  (net 60 "Net-(R35-Pad2)")
  (net 61 "Net-(R36-Pad2)")
  (net 62 PWR_LED)
  (net 63 ~SER_EN)
  (net 64 SER_CLK)
  (net 65 SER_LATCH)
  (net 66 /SER_CASC_2)
  (net 67 SER_DATA)
  (net 68 /SER_CASC_1)
  (net 69 BTN_06)
  (net 70 "Net-(J3-Pad10)")
  (net 71 "Net-(J3-Pad9)")
  (net 72 "Net-(J3-Pad8)")
  (net 73 "Net-(J3-Pad7)")
  (net 74 "Net-(J3-Pad6)")
  (net 75 "Net-(J3-Pad5)")
  (net 76 "Net-(J3-Pad4)")
  (net 77 "Net-(J3-Pad3)")
  (net 78 "Net-(J4-Pad3)")
  (net 79 "Net-(J4-Pad4)")
  (net 80 "Net-(J4-Pad5)")
  (net 81 "Net-(J4-Pad6)")
  (net 82 "Net-(J4-Pad7)")
  (net 83 "Net-(J4-Pad8)")
  (net 84 "Net-(J4-Pad9)")
  (net 85 "Net-(J4-Pad10)")
  (net 86 "Net-(J9-Pad3)")
  (net 87 "Net-(Q1-Pad8)")
  (net 88 "Net-(Q1-Pad7)")
  (net 89 "Net-(Q1-Pad6)")
  (net 90 "Net-(Q1-Pad5)")
  (net 91 "Net-(Q1-Pad4)")
  (net 92 "Net-(Q1-Pad3)")
  (net 93 "Net-(Q1-Pad2)")
  (net 94 "Net-(Q1-Pad1)")
  (net 95 "Net-(Q4-Pad3)")
  (net 96 "Net-(Q4-Pad1)")
  (net 97 /RELAY_2_EN)
  (net 98 /RELAY_1_EN)
  (net 99 "Net-(R10-Pad1)")
  (net 100 "Net-(R11-Pad1)")
  (net 101 "Net-(R13-Pad1)")
  (net 102 "Net-(R15-Pad1)")
  (net 103 "Net-(R17-Pad1)")
  (net 104 "Net-(R19-Pad1)")
  (net 105 "Net-(R25-Pad2)")
  (net 106 "Net-(R26-Pad2)")
  (net 107 "Net-(R27-Pad2)")
  (net 108 "Net-(R28-Pad2)")
  (net 109 BTN_G1)
  (net 110 BTN_G2)
  (net 111 BTN_02)
  (net 112 BTN_03)
  (net 113 BTN_04)
  (net 114 BTN_07)
  (net 115 BTN_08)
  (net 116 BTN_10)
  (net 117 "Net-(R37-Pad2)")
  (net 118 "Net-(R38-Pad2)")
  (net 119 "Net-(R47-Pad2)")
  (net 120 "Net-(R48-Pad2)")
  (net 121 "Net-(R49-Pad2)")
  (net 122 "Net-(R57-Pad1)")
  (net 123 "Net-(R46-Pad2)")
  (net 124 "Net-(R63-Pad2)")
  (net 125 "Net-(R64-Pad2)")
  (net 126 "Net-(R65-Pad2)")

  (net_class Default "This is the default net class."
    (clearance 0.2)
    (trace_width 0.25)
    (via_dia 0.8)
    (via_drill 0.4)
    (uvia_dia 0.3)
    (uvia_drill 0.1)
    (add_net /RELAY_1A)
    (add_net /RELAY_1B)
    (add_net /RELAY_1_EN)
    (add_net /RELAY_2A)
    (add_net /RELAY_2B)
    (add_net /RELAY_2_EN)
    (add_net /SER_CASC_1)
    (add_net /SER_CASC_2)
    (add_net BTN_01)
    (add_net BTN_02)
    (add_net BTN_03)
    (add_net BTN_04)
    (add_net BTN_05)
    (add_net BTN_06)
    (add_net BTN_07)
    (add_net BTN_08)
    (add_net BTN_09)
    (add_net BTN_10)
    (add_net BTN_G1)
    (add_net BTN_G2)
    (add_net CE_DISP)
    (add_net ENC_BTN)
    (add_net ENC_CLK)
    (add_net ENC_DATA)
    (add_net GND)
    (add_net I2C_SCL)
    (add_net I2C_SDA)
    (add_net LED_01)
    (add_net LED_02)
    (add_net LED_03)
    (add_net LED_04)
    (add_net LED_05)
    (add_net LED_06)
    (add_net LED_07)
    (add_net LED_08)
    (add_net LED_09)
    (add_net LED_10)
    (add_net MISO)
    (add_net MOSI)
    (add_net "Net-(A1-Pad17)")
    (add_net "Net-(POT1-Pad2)")
    (add_net "Net-(POT1-Pad3)")
    (add_net "Net-(POT2-Pad2)")
    (add_net "Net-(POT2-Pad3)")
    (add_net "Net-(Q1-Pad1)")
    (add_net "Net-(Q1-Pad2)")
    (add_net "Net-(Q1-Pad3)")
    (add_net "Net-(Q1-Pad4)")
    (add_net "Net-(Q1-Pad5)")
    (add_net "Net-(Q1-Pad6)")
    (add_net "Net-(Q1-Pad7)")
    (add_net "Net-(Q1-Pad8)")
    (add_net "Net-(Q2-Pad1)")
    (add_net "Net-(Q2-Pad2)")
    (add_net "Net-(Q2-Pad3)")
    (add_net "Net-(Q2-Pad4)")
    (add_net "Net-(Q2-Pad5)")
    (add_net "Net-(Q2-Pad6)")
    (add_net "Net-(Q2-Pad7)")
    (add_net "Net-(Q2-Pad8)")
    (add_net "Net-(Q3-Pad1)")
    (add_net "Net-(Q3-Pad3)")
    (add_net "Net-(Q4-Pad1)")
    (add_net "Net-(Q4-Pad3)")
    (add_net "Net-(R10-Pad1)")
    (add_net "Net-(R11-Pad1)")
    (add_net "Net-(R13-Pad1)")
    (add_net "Net-(R15-Pad1)")
    (add_net "Net-(R17-Pad1)")
    (add_net "Net-(R19-Pad1)")
    (add_net "Net-(R21-Pad1)")
    (add_net "Net-(R23-Pad1)")
    (add_net "Net-(R25-Pad2)")
    (add_net "Net-(R26-Pad2)")
    (add_net "Net-(R27-Pad2)")
    (add_net "Net-(R28-Pad2)")
    (add_net "Net-(R29-Pad2)")
    (add_net "Net-(R30-Pad2)")
    (add_net "Net-(R31-Pad2)")
    (add_net "Net-(R32-Pad2)")
    (add_net "Net-(R35-Pad2)")
    (add_net "Net-(R36-Pad2)")
    (add_net "Net-(R37-Pad2)")
    (add_net "Net-(R38-Pad2)")
    (add_net "Net-(R46-Pad2)")
    (add_net "Net-(R47-Pad2)")
    (add_net "Net-(R48-Pad2)")
    (add_net "Net-(R49-Pad2)")
    (add_net "Net-(R57-Pad1)")
    (add_net "Net-(R63-Pad2)")
    (add_net "Net-(R64-Pad2)")
    (add_net "Net-(R65-Pad2)")
    (add_net PWR_LED)
    (add_net SCK)
    (add_net SER_CLK)
    (add_net SER_DATA)
    (add_net SER_LATCH)
    (add_net ~SER_EN)
  )

  (net_class Driver ""
    (clearance 0.2)
    (trace_width 0.35)
    (via_dia 0.8)
    (via_drill 0.4)
    (uvia_dia 0.3)
    (uvia_drill 0.1)
    (add_net "Net-(J1-Pad1)")
    (add_net "Net-(J1-Pad2)")
    (add_net "Net-(J2-Pad1)")
    (add_net "Net-(J2-Pad2)")
    (add_net "Net-(J3-Pad10)")
    (add_net "Net-(J3-Pad3)")
    (add_net "Net-(J3-Pad4)")
    (add_net "Net-(J3-Pad5)")
    (add_net "Net-(J3-Pad6)")
    (add_net "Net-(J3-Pad7)")
    (add_net "Net-(J3-Pad8)")
    (add_net "Net-(J3-Pad9)")
    (add_net "Net-(J4-Pad10)")
    (add_net "Net-(J4-Pad3)")
    (add_net "Net-(J4-Pad4)")
    (add_net "Net-(J4-Pad5)")
    (add_net "Net-(J4-Pad6)")
    (add_net "Net-(J4-Pad7)")
    (add_net "Net-(J4-Pad8)")
    (add_net "Net-(J4-Pad9)")
    (add_net "Net-(J9-Pad3)")
  )

  (net_class LED ""
    (clearance 0.2)
    (trace_width 0.25)
    (via_dia 0.8)
    (via_drill 0.4)
    (uvia_dia 0.3)
    (uvia_drill 0.1)
  )

  (net_class Power ""
    (clearance 0.25)
    (trace_width 0.5)
    (via_dia 0.8)
    (via_drill 0.4)
    (uvia_dia 0.3)
    (uvia_drill 0.1)
    (add_net +12V)
    (add_net +15V)
    (add_net +24V)
    (add_net +5V)
    (add_net +8V)
    (add_net +9V)
    (add_net +VSW)
  )

  (module Socket_Strips:Socket_Strip_Straight_2x05_Pitch2.54mm (layer F.Cu) (tedit 58CD5448) (tstamp 5E2B932D)
    (at 67.3608 47.7894 270)
    (descr "Through hole straight socket strip, 2x05, 2.54mm pitch, double rows")
    (tags "Through hole socket strip THT 2x05 2.54mm double row")
    (path /5EEC9E5A)
    (fp_text reference J3 (at 2.909 10.6934) (layer F.SilkS)
      (effects (font (size 1 1) (thickness 0.15)))
    )
    (fp_text value ATTENUATOR_1 (at 2.909 9.2456 180) (layer F.SilkS)
      (effects (font (size 1 1) (thickness 0.15)) (justify left))
    )
    (fp_line (start -3.81 -1.27) (end -3.81 11.43) (layer F.Fab) (width 0.1))
    (fp_line (start -3.81 11.43) (end 1.27 11.43) (layer F.Fab) (width 0.1))
    (fp_line (start 1.27 11.43) (end 1.27 -1.27) (layer F.Fab) (width 0.1))
    (fp_line (start 1.27 -1.27) (end -3.81 -1.27) (layer F.Fab) (width 0.1))
    (fp_line (start 1.33 1.27) (end 1.33 11.49) (layer F.SilkS) (width 0.12))
    (fp_line (start 1.33 11.49) (end -3.87 11.49) (layer F.SilkS) (width 0.12))
    (fp_line (start -3.87 11.49) (end -3.87 -1.33) (layer F.SilkS) (width 0.12))
    (fp_line (start -3.87 -1.33) (end -1.27 -1.33) (layer F.SilkS) (width 0.12))
    (fp_line (start -1.27 -1.33) (end -1.27 1.27) (layer F.SilkS) (width 0.12))
    (fp_line (start -1.27 1.27) (end 1.33 1.27) (layer F.SilkS) (width 0.12))
    (fp_line (start 1.33 0) (end 1.33 -1.33) (layer F.SilkS) (width 0.12))
    (fp_line (start 1.33 -1.33) (end 0.06 -1.33) (layer F.SilkS) (width 0.12))
    (fp_line (start -4.35 -1.8) (end -4.35 11.95) (layer F.CrtYd) (width 0.05))
    (fp_line (start -4.35 11.95) (end 1.8 11.95) (layer F.CrtYd) (width 0.05))
    (fp_line (start 1.8 11.95) (end 1.8 -1.8) (layer F.CrtYd) (width 0.05))
    (fp_line (start 1.8 -1.8) (end -4.35 -1.8) (layer F.CrtYd) (width 0.05))
    (fp_text user %R (at -1.27 -2.33 90) (layer F.Fab)
      (effects (font (size 1 1) (thickness 0.15)))
    )
    (pad 1 thru_hole rect (at 0 0 270) (size 1.7 1.7) (drill 1) (layers *.Cu *.Mask)
      (net 4 +24V))
    (pad 2 thru_hole oval (at -2.54 0 270) (size 1.7 1.7) (drill 1) (layers *.Cu *.Mask)
      (net 1 GND))
    (pad 3 thru_hole oval (at 0 2.54 270) (size 1.7 1.7) (drill 1) (layers *.Cu *.Mask)
      (net 77 "Net-(J3-Pad3)"))
    (pad 4 thru_hole oval (at -2.54 2.54 270) (size 1.7 1.7) (drill 1) (layers *.Cu *.Mask)
      (net 76 "Net-(J3-Pad4)"))
    (pad 5 thru_hole oval (at 0 5.08 270) (size 1.7 1.7) (drill 1) (layers *.Cu *.Mask)
      (net 75 "Net-(J3-Pad5)"))
    (pad 6 thru_hole oval (at -2.54 5.08 270) (size 1.7 1.7) (drill 1) (layers *.Cu *.Mask)
      (net 74 "Net-(J3-Pad6)"))
    (pad 7 thru_hole oval (at 0 7.62 270) (size 1.7 1.7) (drill 1) (layers *.Cu *.Mask)
      (net 73 "Net-(J3-Pad7)"))
    (pad 8 thru_hole oval (at -2.54 7.62 270) (size 1.7 1.7) (drill 1) (layers *.Cu *.Mask)
      (net 72 "Net-(J3-Pad8)"))
    (pad 9 thru_hole oval (at 0 10.16 270) (size 1.7 1.7) (drill 1) (layers *.Cu *.Mask)
      (net 71 "Net-(J3-Pad9)"))
    (pad 10 thru_hole oval (at -2.54 10.16 270) (size 1.7 1.7) (drill 1) (layers *.Cu *.Mask)
      (net 70 "Net-(J3-Pad10)"))
    (model ${KISYS3DMOD}/Socket_Strips.3dshapes/Socket_Strip_Straight_2x05_Pitch2.54mm.wrl
      (offset (xyz -1.269999980926514 -5.079999923706055 0))
      (scale (xyz 1 1 1))
      (rotate (xyz 0 0 270))
    )
  )

  (module Socket_Strips:Socket_Strip_Straight_2x05_Pitch2.54mm (layer F.Cu) (tedit 58CD5448) (tstamp 5E2764EB)
    (at 91.186 47.7894 270)
    (descr "Through hole straight socket strip, 2x05, 2.54mm pitch, double rows")
    (tags "Through hole socket strip THT 2x05 2.54mm double row")
    (path /5EEC9C0B)
    (fp_text reference J4 (at 2.909 10.7188 180) (layer F.SilkS)
      (effects (font (size 1 1) (thickness 0.15)))
    )
    (fp_text value ATTENUATOR_2 (at 2.909 9.3218 180) (layer F.SilkS)
      (effects (font (size 1 1) (thickness 0.15)) (justify left))
    )
    (fp_line (start -3.81 -1.27) (end -3.81 11.43) (layer F.Fab) (width 0.1))
    (fp_line (start -3.81 11.43) (end 1.27 11.43) (layer F.Fab) (width 0.1))
    (fp_line (start 1.27 11.43) (end 1.27 -1.27) (layer F.Fab) (width 0.1))
    (fp_line (start 1.27 -1.27) (end -3.81 -1.27) (layer F.Fab) (width 0.1))
    (fp_line (start 1.33 1.27) (end 1.33 11.49) (layer F.SilkS) (width 0.12))
    (fp_line (start 1.33 11.49) (end -3.87 11.49) (layer F.SilkS) (width 0.12))
    (fp_line (start -3.87 11.49) (end -3.87 -1.33) (layer F.SilkS) (width 0.12))
    (fp_line (start -3.87 -1.33) (end -1.27 -1.33) (layer F.SilkS) (width 0.12))
    (fp_line (start -1.27 -1.33) (end -1.27 1.27) (layer F.SilkS) (width 0.12))
    (fp_line (start -1.27 1.27) (end 1.33 1.27) (layer F.SilkS) (width 0.12))
    (fp_line (start 1.33 0) (end 1.33 -1.33) (layer F.SilkS) (width 0.12))
    (fp_line (start 1.33 -1.33) (end 0.06 -1.33) (layer F.SilkS) (width 0.12))
    (fp_line (start -4.35 -1.8) (end -4.35 11.95) (layer F.CrtYd) (width 0.05))
    (fp_line (start -4.35 11.95) (end 1.8 11.95) (layer F.CrtYd) (width 0.05))
    (fp_line (start 1.8 11.95) (end 1.8 -1.8) (layer F.CrtYd) (width 0.05))
    (fp_line (start 1.8 -1.8) (end -4.35 -1.8) (layer F.CrtYd) (width 0.05))
    (fp_text user %R (at -1.27 -2.33 90) (layer F.Fab)
      (effects (font (size 1 1) (thickness 0.15)))
    )
    (pad 1 thru_hole rect (at 0 0 270) (size 1.7 1.7) (drill 1) (layers *.Cu *.Mask)
      (net 5 +VSW))
    (pad 2 thru_hole oval (at -2.54 0 270) (size 1.7 1.7) (drill 1) (layers *.Cu *.Mask)
      (net 1 GND))
    (pad 3 thru_hole oval (at 0 2.54 270) (size 1.7 1.7) (drill 1) (layers *.Cu *.Mask)
      (net 78 "Net-(J4-Pad3)"))
    (pad 4 thru_hole oval (at -2.54 2.54 270) (size 1.7 1.7) (drill 1) (layers *.Cu *.Mask)
      (net 79 "Net-(J4-Pad4)"))
    (pad 5 thru_hole oval (at 0 5.08 270) (size 1.7 1.7) (drill 1) (layers *.Cu *.Mask)
      (net 80 "Net-(J4-Pad5)"))
    (pad 6 thru_hole oval (at -2.54 5.08 270) (size 1.7 1.7) (drill 1) (layers *.Cu *.Mask)
      (net 81 "Net-(J4-Pad6)"))
    (pad 7 thru_hole oval (at 0 7.62 270) (size 1.7 1.7) (drill 1) (layers *.Cu *.Mask)
      (net 82 "Net-(J4-Pad7)"))
    (pad 8 thru_hole oval (at -2.54 7.62 270) (size 1.7 1.7) (drill 1) (layers *.Cu *.Mask)
      (net 83 "Net-(J4-Pad8)"))
    (pad 9 thru_hole oval (at 0 10.16 270) (size 1.7 1.7) (drill 1) (layers *.Cu *.Mask)
      (net 84 "Net-(J4-Pad9)"))
    (pad 10 thru_hole oval (at -2.54 10.16 270) (size 1.7 1.7) (drill 1) (layers *.Cu *.Mask)
      (net 85 "Net-(J4-Pad10)"))
    (model ${KISYS3DMOD}/Socket_Strips.3dshapes/Socket_Strip_Straight_2x05_Pitch2.54mm.wrl
      (offset (xyz -1.269999980926514 -5.079999923706055 0))
      (scale (xyz 1 1 1))
      (rotate (xyz 0 0 270))
    )
  )

  (module digikey-footprints:SOIC-18_W7.5mm (layer F.Cu) (tedit 5D28A5AF) (tstamp 5E2861E6)
    (at 86.02472 57.4558)
    (descr http://www.ti.com/lit/ds/symlink/uln2803a.pdf)
    (path /5EEC9BC9)
    (attr smd)
    (fp_text reference Q2 (at -7.18312 4.8758) (layer F.SilkS)
      (effects (font (size 1 1) (thickness 0.15)))
    )
    (fp_text value ULN2803ADWR (at 0 7.7) (layer F.Fab)
      (effects (font (size 1 1) (thickness 0.15)))
    )
    (fp_line (start -6.03 -5.95) (end 6.03 -5.95) (layer F.CrtYd) (width 0.05))
    (fp_line (start -6.03 5.95) (end 6.03 5.95) (layer F.CrtYd) (width 0.05))
    (fp_line (start 6.03 -5.95) (end 6.03 5.95) (layer F.CrtYd) (width 0.05))
    (fp_line (start -6.03 -5.95) (end -6.03 5.95) (layer F.CrtYd) (width 0.05))
    (fp_line (start -6 3.1) (end -6 3.5) (layer F.SilkS) (width 0.1))
    (fp_line (start -6 3.5) (end -5.6 3.8) (layer F.SilkS) (width 0.1))
    (fp_line (start -5.6 3.8) (end -5.6 5.4) (layer F.SilkS) (width 0.1))
    (fp_line (start -5.775 -3.75) (end -5.775 3.3) (layer F.Fab) (width 0.1))
    (fp_line (start -5.77 3.3) (end -5.26 3.75) (layer F.Fab) (width 0.1))
    (fp_line (start -5.26 3.75) (end 5.77 3.75) (layer F.Fab) (width 0.1))
    (fp_line (start -5.5 -4) (end -6 -4) (layer F.SilkS) (width 0.1))
    (fp_line (start -6 -4) (end -6 -3.5) (layer F.SilkS) (width 0.1))
    (fp_line (start 5.5 4) (end 6 4) (layer F.SilkS) (width 0.1))
    (fp_line (start 6 4) (end 6 3.6) (layer F.SilkS) (width 0.1))
    (fp_line (start 5.6 -4) (end 6 -4) (layer F.SilkS) (width 0.1))
    (fp_line (start 6 -4) (end 6 -3.6) (layer F.SilkS) (width 0.1))
    (fp_text user REF** (at 0 0) (layer F.Fab)
      (effects (font (size 1 1) (thickness 0.1)))
    )
    (fp_line (start -5.78 -3.75) (end 5.77 -3.75) (layer F.Fab) (width 0.1))
    (fp_line (start 5.775 -3.75) (end 5.775 3.75) (layer F.Fab) (width 0.1))
    (pad 1 smd rect (at -5.08 4.7) (size 0.6 2) (layers F.Cu F.Paste F.Mask)
      (net 51 "Net-(Q2-Pad1)") (solder_mask_margin 0.07))
    (pad 2 smd rect (at -3.81 4.7) (size 0.6 2) (layers F.Cu F.Paste F.Mask)
      (net 50 "Net-(Q2-Pad2)") (solder_mask_margin 0.07))
    (pad 3 smd rect (at -2.54 4.7) (size 0.6 2) (layers F.Cu F.Paste F.Mask)
      (net 49 "Net-(Q2-Pad3)") (solder_mask_margin 0.07))
    (pad 4 smd rect (at -1.27 4.7) (size 0.6 2) (layers F.Cu F.Paste F.Mask)
      (net 48 "Net-(Q2-Pad4)") (solder_mask_margin 0.07))
    (pad 5 smd rect (at 0 4.7) (size 0.6 2) (layers F.Cu F.Paste F.Mask)
      (net 47 "Net-(Q2-Pad5)") (solder_mask_margin 0.07))
    (pad 6 smd rect (at 1.27 4.7) (size 0.6 2) (layers F.Cu F.Paste F.Mask)
      (net 46 "Net-(Q2-Pad6)") (solder_mask_margin 0.07))
    (pad 7 smd rect (at 2.54 4.7) (size 0.6 2) (layers F.Cu F.Paste F.Mask)
      (net 45 "Net-(Q2-Pad7)") (solder_mask_margin 0.07))
    (pad 8 smd rect (at 3.81 4.7) (size 0.6 2) (layers F.Cu F.Paste F.Mask)
      (net 44 "Net-(Q2-Pad8)") (solder_mask_margin 0.07))
    (pad 9 smd rect (at 5.08 4.7) (size 0.6 2) (layers F.Cu F.Paste F.Mask)
      (net 1 GND) (solder_mask_margin 0.07))
    (pad 10 smd rect (at 5.08 -4.7) (size 0.6 2) (layers F.Cu F.Paste F.Mask)
      (net 5 +VSW) (solder_mask_margin 0.07))
    (pad 11 smd rect (at 3.81 -4.7) (size 0.6 2) (layers F.Cu F.Paste F.Mask)
      (net 79 "Net-(J4-Pad4)") (solder_mask_margin 0.07))
    (pad 12 smd rect (at 2.54 -4.7) (size 0.6 2) (layers F.Cu F.Paste F.Mask)
      (net 78 "Net-(J4-Pad3)") (solder_mask_margin 0.07))
    (pad 13 smd rect (at 1.27 -4.7) (size 0.6 2) (layers F.Cu F.Paste F.Mask)
      (net 81 "Net-(J4-Pad6)") (solder_mask_margin 0.07))
    (pad 14 smd rect (at 0 -4.7) (size 0.6 2) (layers F.Cu F.Paste F.Mask)
      (net 80 "Net-(J4-Pad5)") (solder_mask_margin 0.07))
    (pad 15 smd rect (at -1.27 -4.7) (size 0.6 2) (layers F.Cu F.Paste F.Mask)
      (net 83 "Net-(J4-Pad8)") (solder_mask_margin 0.07))
    (pad 16 smd rect (at -2.54 -4.7) (size 0.6 2) (layers F.Cu F.Paste F.Mask)
      (net 82 "Net-(J4-Pad7)") (solder_mask_margin 0.07))
    (pad 17 smd rect (at -3.81 -4.7) (size 0.6 2) (layers F.Cu F.Paste F.Mask)
      (net 85 "Net-(J4-Pad10)") (solder_mask_margin 0.07))
    (pad 18 smd rect (at -5.08 -4.7) (size 0.6 2) (layers F.Cu F.Paste F.Mask)
      (net 84 "Net-(J4-Pad9)") (solder_mask_margin 0.07))
  )

  (module Capacitors_SMD:C_1206_HandSoldering (layer F.Cu) (tedit 58AA84D1) (tstamp 5E276264)
    (at 118.8974 65.0052 90)
    (descr "Capacitor SMD 1206, hand soldering")
    (tags "capacitor 1206")
    (path /5EEC9E1A)
    (attr smd)
    (fp_text reference C1 (at 4.096 0.0762 180) (layer F.SilkS)
      (effects (font (size 1 1) (thickness 0.15)))
    )
    (fp_text value 0.1uF (at 0 2 90) (layer F.Fab)
      (effects (font (size 1 1) (thickness 0.15)))
    )
    (fp_line (start 3.25 1.05) (end -3.25 1.05) (layer F.CrtYd) (width 0.05))
    (fp_line (start 3.25 1.05) (end 3.25 -1.05) (layer F.CrtYd) (width 0.05))
    (fp_line (start -3.25 -1.05) (end -3.25 1.05) (layer F.CrtYd) (width 0.05))
    (fp_line (start -3.25 -1.05) (end 3.25 -1.05) (layer F.CrtYd) (width 0.05))
    (fp_line (start -1 1.02) (end 1 1.02) (layer F.SilkS) (width 0.12))
    (fp_line (start 1 -1.02) (end -1 -1.02) (layer F.SilkS) (width 0.12))
    (fp_line (start -1.6 -0.8) (end 1.6 -0.8) (layer F.Fab) (width 0.1))
    (fp_line (start 1.6 -0.8) (end 1.6 0.8) (layer F.Fab) (width 0.1))
    (fp_line (start 1.6 0.8) (end -1.6 0.8) (layer F.Fab) (width 0.1))
    (fp_line (start -1.6 0.8) (end -1.6 -0.8) (layer F.Fab) (width 0.1))
    (fp_text user %R (at 0 -1.75 90) (layer F.Fab)
      (effects (font (size 1 1) (thickness 0.15)))
    )
    (pad 2 smd rect (at 2 0 90) (size 2 1.6) (layers F.Cu F.Paste F.Mask)
      (net 1 GND))
    (pad 1 smd rect (at -2 0 90) (size 2 1.6) (layers F.Cu F.Paste F.Mask)
      (net 2 +5V))
    (model Capacitors_SMD.3dshapes/C_1206.wrl
      (at (xyz 0 0 0))
      (scale (xyz 1 1 1))
      (rotate (xyz 0 0 0))
    )
  )

  (module Capacitors_SMD:C_1206_HandSoldering (layer F.Cu) (tedit 58AA84D1) (tstamp 5E276275)
    (at 125.5932 46.6852)
    (descr "Capacitor SMD 1206, hand soldering")
    (tags "capacitor 1206")
    (path /5EEC9D52)
    (attr smd)
    (fp_text reference C5 (at -4.359 -0.0254) (layer F.SilkS)
      (effects (font (size 1 1) (thickness 0.15)))
    )
    (fp_text value 1uF (at 0 2) (layer F.Fab)
      (effects (font (size 1 1) (thickness 0.15)))
    )
    (fp_line (start 3.25 1.05) (end -3.25 1.05) (layer F.CrtYd) (width 0.05))
    (fp_line (start 3.25 1.05) (end 3.25 -1.05) (layer F.CrtYd) (width 0.05))
    (fp_line (start -3.25 -1.05) (end -3.25 1.05) (layer F.CrtYd) (width 0.05))
    (fp_line (start -3.25 -1.05) (end 3.25 -1.05) (layer F.CrtYd) (width 0.05))
    (fp_line (start -1 1.02) (end 1 1.02) (layer F.SilkS) (width 0.12))
    (fp_line (start 1 -1.02) (end -1 -1.02) (layer F.SilkS) (width 0.12))
    (fp_line (start -1.6 -0.8) (end 1.6 -0.8) (layer F.Fab) (width 0.1))
    (fp_line (start 1.6 -0.8) (end 1.6 0.8) (layer F.Fab) (width 0.1))
    (fp_line (start 1.6 0.8) (end -1.6 0.8) (layer F.Fab) (width 0.1))
    (fp_line (start -1.6 0.8) (end -1.6 -0.8) (layer F.Fab) (width 0.1))
    (fp_text user %R (at 0 -1.75) (layer F.Fab)
      (effects (font (size 1 1) (thickness 0.15)))
    )
    (pad 2 smd rect (at 2 0) (size 2 1.6) (layers F.Cu F.Paste F.Mask)
      (net 1 GND))
    (pad 1 smd rect (at -2 0) (size 2 1.6) (layers F.Cu F.Paste F.Mask)
      (net 3 +8V))
    (model Capacitors_SMD.3dshapes/C_1206.wrl
      (at (xyz 0 0 0))
      (scale (xyz 1 1 1))
      (rotate (xyz 0 0 0))
    )
  )

  (module Capacitors_SMD:C_1206_HandSoldering (layer F.Cu) (tedit 58AA84D1) (tstamp 5E276297)
    (at 60.6364 77.1906 180)
    (descr "Capacitor SMD 1206, hand soldering")
    (tags "capacitor 1206")
    (path /5EEC9E02)
    (attr smd)
    (fp_text reference C2 (at 1.0226 1.7272) (layer F.SilkS)
      (effects (font (size 1 1) (thickness 0.15)))
    )
    (fp_text value 0.1uF (at 0 2) (layer F.Fab)
      (effects (font (size 1 1) (thickness 0.15)))
    )
    (fp_line (start 3.25 1.05) (end -3.25 1.05) (layer F.CrtYd) (width 0.05))
    (fp_line (start 3.25 1.05) (end 3.25 -1.05) (layer F.CrtYd) (width 0.05))
    (fp_line (start -3.25 -1.05) (end -3.25 1.05) (layer F.CrtYd) (width 0.05))
    (fp_line (start -3.25 -1.05) (end 3.25 -1.05) (layer F.CrtYd) (width 0.05))
    (fp_line (start -1 1.02) (end 1 1.02) (layer F.SilkS) (width 0.12))
    (fp_line (start 1 -1.02) (end -1 -1.02) (layer F.SilkS) (width 0.12))
    (fp_line (start -1.6 -0.8) (end 1.6 -0.8) (layer F.Fab) (width 0.1))
    (fp_line (start 1.6 -0.8) (end 1.6 0.8) (layer F.Fab) (width 0.1))
    (fp_line (start 1.6 0.8) (end -1.6 0.8) (layer F.Fab) (width 0.1))
    (fp_line (start -1.6 0.8) (end -1.6 -0.8) (layer F.Fab) (width 0.1))
    (fp_text user %R (at 0 -1.75) (layer F.Fab)
      (effects (font (size 1 1) (thickness 0.15)))
    )
    (pad 2 smd rect (at 2 0 180) (size 2 1.6) (layers F.Cu F.Paste F.Mask)
      (net 1 GND))
    (pad 1 smd rect (at -2 0 180) (size 2 1.6) (layers F.Cu F.Paste F.Mask)
      (net 2 +5V))
    (model Capacitors_SMD.3dshapes/C_1206.wrl
      (at (xyz 0 0 0))
      (scale (xyz 1 1 1))
      (rotate (xyz 0 0 0))
    )
  )

  (module Capacitors_SMD:C_1206_HandSoldering (layer F.Cu) (tedit 58AA84D1) (tstamp 5E2B70B4)
    (at 88.5444 77.4634 270)
    (descr "Capacitor SMD 1206, hand soldering")
    (tags "capacitor 1206")
    (path /5EEC9BD9)
    (attr smd)
    (fp_text reference C3 (at -1.9746 2.159 180) (layer F.SilkS)
      (effects (font (size 1 1) (thickness 0.15)))
    )
    (fp_text value 0.1uF (at 0 2 90) (layer F.Fab)
      (effects (font (size 1 1) (thickness 0.15)))
    )
    (fp_text user %R (at 0 -1.75 90) (layer F.Fab)
      (effects (font (size 1 1) (thickness 0.15)))
    )
    (fp_line (start -1.6 0.8) (end -1.6 -0.8) (layer F.Fab) (width 0.1))
    (fp_line (start 1.6 0.8) (end -1.6 0.8) (layer F.Fab) (width 0.1))
    (fp_line (start 1.6 -0.8) (end 1.6 0.8) (layer F.Fab) (width 0.1))
    (fp_line (start -1.6 -0.8) (end 1.6 -0.8) (layer F.Fab) (width 0.1))
    (fp_line (start 1 -1.02) (end -1 -1.02) (layer F.SilkS) (width 0.12))
    (fp_line (start -1 1.02) (end 1 1.02) (layer F.SilkS) (width 0.12))
    (fp_line (start -3.25 -1.05) (end 3.25 -1.05) (layer F.CrtYd) (width 0.05))
    (fp_line (start -3.25 -1.05) (end -3.25 1.05) (layer F.CrtYd) (width 0.05))
    (fp_line (start 3.25 1.05) (end 3.25 -1.05) (layer F.CrtYd) (width 0.05))
    (fp_line (start 3.25 1.05) (end -3.25 1.05) (layer F.CrtYd) (width 0.05))
    (pad 1 smd rect (at -2 0 270) (size 2 1.6) (layers F.Cu F.Paste F.Mask)
      (net 2 +5V))
    (pad 2 smd rect (at 2 0 270) (size 2 1.6) (layers F.Cu F.Paste F.Mask)
      (net 1 GND))
    (model Capacitors_SMD.3dshapes/C_1206.wrl
      (at (xyz 0 0 0))
      (scale (xyz 1 1 1))
      (rotate (xyz 0 0 0))
    )
  )

  (module Capacitors_SMD:C_1206_HandSoldering (layer F.Cu) (tedit 58AA84D1) (tstamp 5E2762B9)
    (at 70.6628 54.7558 270)
    (descr "Capacitor SMD 1206, hand soldering")
    (tags "capacitor 1206")
    (path /5EEC9DBB)
    (attr smd)
    (fp_text reference C7 (at -4.0574 0.0762 180) (layer F.SilkS)
      (effects (font (size 1 1) (thickness 0.15)))
    )
    (fp_text value 0.1uF (at 0 2 90) (layer F.Fab)
      (effects (font (size 1 1) (thickness 0.15)))
    )
    (fp_line (start 3.25 1.05) (end -3.25 1.05) (layer F.CrtYd) (width 0.05))
    (fp_line (start 3.25 1.05) (end 3.25 -1.05) (layer F.CrtYd) (width 0.05))
    (fp_line (start -3.25 -1.05) (end -3.25 1.05) (layer F.CrtYd) (width 0.05))
    (fp_line (start -3.25 -1.05) (end 3.25 -1.05) (layer F.CrtYd) (width 0.05))
    (fp_line (start -1 1.02) (end 1 1.02) (layer F.SilkS) (width 0.12))
    (fp_line (start 1 -1.02) (end -1 -1.02) (layer F.SilkS) (width 0.12))
    (fp_line (start -1.6 -0.8) (end 1.6 -0.8) (layer F.Fab) (width 0.1))
    (fp_line (start 1.6 -0.8) (end 1.6 0.8) (layer F.Fab) (width 0.1))
    (fp_line (start 1.6 0.8) (end -1.6 0.8) (layer F.Fab) (width 0.1))
    (fp_line (start -1.6 0.8) (end -1.6 -0.8) (layer F.Fab) (width 0.1))
    (fp_text user %R (at 0 -1.75 90) (layer F.Fab)
      (effects (font (size 1 1) (thickness 0.15)))
    )
    (pad 2 smd rect (at 2 0 270) (size 2 1.6) (layers F.Cu F.Paste F.Mask)
      (net 1 GND))
    (pad 1 smd rect (at -2 0 270) (size 2 1.6) (layers F.Cu F.Paste F.Mask)
      (net 4 +24V))
    (model Capacitors_SMD.3dshapes/C_1206.wrl
      (at (xyz 0 0 0))
      (scale (xyz 1 1 1))
      (rotate (xyz 0 0 0))
    )
  )

  (module Capacitors_SMD:C_1206_HandSoldering (layer F.Cu) (tedit 58AA84D1) (tstamp 5E286246)
    (at 94.4118 54.7558 270)
    (descr "Capacitor SMD 1206, hand soldering")
    (tags "capacitor 1206")
    (path /5EEC9B9A)
    (attr smd)
    (fp_text reference C8 (at -4.0574 0 180) (layer F.SilkS)
      (effects (font (size 1 1) (thickness 0.15)))
    )
    (fp_text value 0.1uF (at 0 2 90) (layer F.Fab)
      (effects (font (size 1 1) (thickness 0.15)))
    )
    (fp_line (start 3.25 1.05) (end -3.25 1.05) (layer F.CrtYd) (width 0.05))
    (fp_line (start 3.25 1.05) (end 3.25 -1.05) (layer F.CrtYd) (width 0.05))
    (fp_line (start -3.25 -1.05) (end -3.25 1.05) (layer F.CrtYd) (width 0.05))
    (fp_line (start -3.25 -1.05) (end 3.25 -1.05) (layer F.CrtYd) (width 0.05))
    (fp_line (start -1 1.02) (end 1 1.02) (layer F.SilkS) (width 0.12))
    (fp_line (start 1 -1.02) (end -1 -1.02) (layer F.SilkS) (width 0.12))
    (fp_line (start -1.6 -0.8) (end 1.6 -0.8) (layer F.Fab) (width 0.1))
    (fp_line (start 1.6 -0.8) (end 1.6 0.8) (layer F.Fab) (width 0.1))
    (fp_line (start 1.6 0.8) (end -1.6 0.8) (layer F.Fab) (width 0.1))
    (fp_line (start -1.6 0.8) (end -1.6 -0.8) (layer F.Fab) (width 0.1))
    (fp_text user %R (at 0 -1.75 90) (layer F.Fab)
      (effects (font (size 1 1) (thickness 0.15)))
    )
    (pad 2 smd rect (at 2 0 270) (size 2 1.6) (layers F.Cu F.Paste F.Mask)
      (net 1 GND))
    (pad 1 smd rect (at -2 0 270) (size 2 1.6) (layers F.Cu F.Paste F.Mask)
      (net 5 +VSW))
    (model Capacitors_SMD.3dshapes/C_1206.wrl
      (at (xyz 0 0 0))
      (scale (xyz 1 1 1))
      (rotate (xyz 0 0 0))
    )
  )

  (module Capacitors_SMD:C_1206_HandSoldering (layer F.Cu) (tedit 58AA84D1) (tstamp 5E2762FD)
    (at 66.4144 24.3078)
    (descr "Capacitor SMD 1206, hand soldering")
    (tags "capacitor 1206")
    (path /5FFBD4C3)
    (attr smd)
    (fp_text reference C11 (at 0 -1.75 180) (layer F.SilkS)
      (effects (font (size 1 1) (thickness 0.15)))
    )
    (fp_text value 0.1uF (at 0 2 180) (layer F.Fab)
      (effects (font (size 1 1) (thickness 0.15)))
    )
    (fp_text user %R (at 0 -1.75 180) (layer F.Fab)
      (effects (font (size 1 1) (thickness 0.15)))
    )
    (fp_line (start -1.6 0.8) (end -1.6 -0.8) (layer F.Fab) (width 0.1))
    (fp_line (start 1.6 0.8) (end -1.6 0.8) (layer F.Fab) (width 0.1))
    (fp_line (start 1.6 -0.8) (end 1.6 0.8) (layer F.Fab) (width 0.1))
    (fp_line (start -1.6 -0.8) (end 1.6 -0.8) (layer F.Fab) (width 0.1))
    (fp_line (start 1 -1.02) (end -1 -1.02) (layer F.SilkS) (width 0.12))
    (fp_line (start -1 1.02) (end 1 1.02) (layer F.SilkS) (width 0.12))
    (fp_line (start -3.25 -1.05) (end 3.25 -1.05) (layer F.CrtYd) (width 0.05))
    (fp_line (start -3.25 -1.05) (end -3.25 1.05) (layer F.CrtYd) (width 0.05))
    (fp_line (start 3.25 1.05) (end 3.25 -1.05) (layer F.CrtYd) (width 0.05))
    (fp_line (start 3.25 1.05) (end -3.25 1.05) (layer F.CrtYd) (width 0.05))
    (pad 1 smd rect (at -2 0) (size 2 1.6) (layers F.Cu F.Paste F.Mask)
      (net 2 +5V))
    (pad 2 smd rect (at 2 0) (size 2 1.6) (layers F.Cu F.Paste F.Mask)
      (net 1 GND))
    (model Capacitors_SMD.3dshapes/C_1206.wrl
      (at (xyz 0 0 0))
      (scale (xyz 1 1 1))
      (rotate (xyz 0 0 0))
    )
  )

  (module Capacitors_SMD:C_1206_HandSoldering (layer F.Cu) (tedit 58AA84D1) (tstamp 5E2862A6)
    (at 83.35592 24.3078)
    (descr "Capacitor SMD 1206, hand soldering")
    (tags "capacitor 1206")
    (path /6047A4B9)
    (attr smd)
    (fp_text reference C12 (at 0 -1.75 180) (layer F.SilkS)
      (effects (font (size 1 1) (thickness 0.15)))
    )
    (fp_text value 0.1uF (at 0 2 180) (layer F.Fab)
      (effects (font (size 1 1) (thickness 0.15)))
    )
    (fp_line (start 3.25 1.05) (end -3.25 1.05) (layer F.CrtYd) (width 0.05))
    (fp_line (start 3.25 1.05) (end 3.25 -1.05) (layer F.CrtYd) (width 0.05))
    (fp_line (start -3.25 -1.05) (end -3.25 1.05) (layer F.CrtYd) (width 0.05))
    (fp_line (start -3.25 -1.05) (end 3.25 -1.05) (layer F.CrtYd) (width 0.05))
    (fp_line (start -1 1.02) (end 1 1.02) (layer F.SilkS) (width 0.12))
    (fp_line (start 1 -1.02) (end -1 -1.02) (layer F.SilkS) (width 0.12))
    (fp_line (start -1.6 -0.8) (end 1.6 -0.8) (layer F.Fab) (width 0.1))
    (fp_line (start 1.6 -0.8) (end 1.6 0.8) (layer F.Fab) (width 0.1))
    (fp_line (start 1.6 0.8) (end -1.6 0.8) (layer F.Fab) (width 0.1))
    (fp_line (start -1.6 0.8) (end -1.6 -0.8) (layer F.Fab) (width 0.1))
    (fp_text user %R (at 0 -1.75 180) (layer F.Fab)
      (effects (font (size 1 1) (thickness 0.15)))
    )
    (pad 2 smd rect (at 2 0) (size 2 1.6) (layers F.Cu F.Paste F.Mask)
      (net 1 GND))
    (pad 1 smd rect (at -2 0) (size 2 1.6) (layers F.Cu F.Paste F.Mask)
      (net 2 +5V))
    (model Capacitors_SMD.3dshapes/C_1206.wrl
      (at (xyz 0 0 0))
      (scale (xyz 1 1 1))
      (rotate (xyz 0 0 0))
    )
  )

  (module Capacitors_SMD:C_1206_HandSoldering (layer B.Cu) (tedit 58AA84D1) (tstamp 5E27631F)
    (at 95.7006 96.6978 180)
    (descr "Capacitor SMD 1206, hand soldering")
    (tags "capacitor 1206")
    (path /5E54E3AA/5E57776D)
    (attr smd)
    (fp_text reference C15 (at -4.7818 0.0762) (layer B.SilkS)
      (effects (font (size 1 1) (thickness 0.15)) (justify mirror))
    )
    (fp_text value 0.1uF (at 0 -2) (layer B.Fab)
      (effects (font (size 1 1) (thickness 0.15)) (justify mirror))
    )
    (fp_text user %R (at 0 1.75) (layer B.Fab)
      (effects (font (size 1 1) (thickness 0.15)) (justify mirror))
    )
    (fp_line (start -1.6 -0.8) (end -1.6 0.8) (layer B.Fab) (width 0.1))
    (fp_line (start 1.6 -0.8) (end -1.6 -0.8) (layer B.Fab) (width 0.1))
    (fp_line (start 1.6 0.8) (end 1.6 -0.8) (layer B.Fab) (width 0.1))
    (fp_line (start -1.6 0.8) (end 1.6 0.8) (layer B.Fab) (width 0.1))
    (fp_line (start 1 1.02) (end -1 1.02) (layer B.SilkS) (width 0.12))
    (fp_line (start -1 -1.02) (end 1 -1.02) (layer B.SilkS) (width 0.12))
    (fp_line (start -3.25 1.05) (end 3.25 1.05) (layer B.CrtYd) (width 0.05))
    (fp_line (start -3.25 1.05) (end -3.25 -1.05) (layer B.CrtYd) (width 0.05))
    (fp_line (start 3.25 -1.05) (end 3.25 1.05) (layer B.CrtYd) (width 0.05))
    (fp_line (start 3.25 -1.05) (end -3.25 -1.05) (layer B.CrtYd) (width 0.05))
    (pad 1 smd rect (at -2 0 180) (size 2 1.6) (layers B.Cu B.Paste B.Mask)
      (net 1 GND))
    (pad 2 smd rect (at 2 0 180) (size 2 1.6) (layers B.Cu B.Paste B.Mask)
      (net 2 +5V))
    (model Capacitors_SMD.3dshapes/C_1206.wrl
      (at (xyz 0 0 0))
      (scale (xyz 1 1 1))
      (rotate (xyz 0 0 0))
    )
  )

  (module Capacitors_SMD:CP_Elec_5x5.3 (layer F.Cu) (tedit 58AA8A8F) (tstamp 5E290739)
    (at 56.8198 82.7278 90)
    (descr "SMT capacitor, aluminium electrolytic, 5x5.3")
    (path /5E54E3AA/5E6F5815)
    (attr smd)
    (fp_text reference C17 (at 2.1082 -4.2672 180) (layer F.SilkS)
      (effects (font (size 1 1) (thickness 0.15)))
    )
    (fp_text value 1u (at 0 -3.92 90) (layer F.Fab)
      (effects (font (size 1 1) (thickness 0.15)))
    )
    (fp_circle (center 0 0) (end 0.3 2.4) (layer F.Fab) (width 0.1))
    (fp_text user + (at -1.37 -0.08 90) (layer F.Fab)
      (effects (font (size 1 1) (thickness 0.15)))
    )
    (fp_text user + (at -3.38 2.34 90) (layer F.SilkS)
      (effects (font (size 1 1) (thickness 0.15)))
    )
    (fp_text user %R (at 0 3.92 90) (layer F.Fab)
      (effects (font (size 1 1) (thickness 0.15)))
    )
    (fp_line (start 2.51 2.49) (end 2.51 -2.54) (layer F.Fab) (width 0.1))
    (fp_line (start -1.84 2.49) (end 2.51 2.49) (layer F.Fab) (width 0.1))
    (fp_line (start -2.51 1.82) (end -1.84 2.49) (layer F.Fab) (width 0.1))
    (fp_line (start -2.51 -1.87) (end -2.51 1.82) (layer F.Fab) (width 0.1))
    (fp_line (start -1.84 -2.54) (end -2.51 -1.87) (layer F.Fab) (width 0.1))
    (fp_line (start 2.51 -2.54) (end -1.84 -2.54) (layer F.Fab) (width 0.1))
    (fp_line (start 2.67 -2.69) (end 2.67 -1.14) (layer F.SilkS) (width 0.12))
    (fp_line (start 2.67 2.64) (end 2.67 1.09) (layer F.SilkS) (width 0.12))
    (fp_line (start -2.67 1.88) (end -2.67 1.09) (layer F.SilkS) (width 0.12))
    (fp_line (start -2.67 -1.93) (end -2.67 -1.14) (layer F.SilkS) (width 0.12))
    (fp_line (start 2.67 -2.69) (end -1.91 -2.69) (layer F.SilkS) (width 0.12))
    (fp_line (start -1.91 -2.69) (end -2.67 -1.93) (layer F.SilkS) (width 0.12))
    (fp_line (start -2.67 1.88) (end -1.91 2.64) (layer F.SilkS) (width 0.12))
    (fp_line (start -1.91 2.64) (end 2.67 2.64) (layer F.SilkS) (width 0.12))
    (fp_line (start -3.95 -2.79) (end 3.95 -2.79) (layer F.CrtYd) (width 0.05))
    (fp_line (start -3.95 -2.79) (end -3.95 2.74) (layer F.CrtYd) (width 0.05))
    (fp_line (start 3.95 2.74) (end 3.95 -2.79) (layer F.CrtYd) (width 0.05))
    (fp_line (start 3.95 2.74) (end -3.95 2.74) (layer F.CrtYd) (width 0.05))
    (pad 1 smd rect (at -2.2 0 270) (size 3 1.6) (layers F.Cu F.Paste F.Mask)
      (net 6 +12V))
    (pad 2 smd rect (at 2.2 0 270) (size 3 1.6) (layers F.Cu F.Paste F.Mask)
      (net 1 GND))
    (model Capacitors_SMD.3dshapes/CP_Elec_5x5.3.wrl
      (at (xyz 0 0 0))
      (scale (xyz 1 1 1))
      (rotate (xyz 0 0 180))
    )
  )

  (module Capacitors_SMD:C_1206_HandSoldering (layer B.Cu) (tedit 58AA84D1) (tstamp 5E27634C)
    (at 77.343 102.158)
    (descr "Capacitor SMD 1206, hand soldering")
    (tags "capacitor 1206")
    (path /5E54E3AA/5F171EC6)
    (attr smd)
    (fp_text reference C18 (at 5.08 0.077) (layer B.SilkS)
      (effects (font (size 1 1) (thickness 0.15)) (justify mirror))
    )
    (fp_text value 0.1uF (at 0 -2) (layer B.Fab)
      (effects (font (size 1 1) (thickness 0.15)) (justify mirror))
    )
    (fp_line (start 3.25 -1.05) (end -3.25 -1.05) (layer B.CrtYd) (width 0.05))
    (fp_line (start 3.25 -1.05) (end 3.25 1.05) (layer B.CrtYd) (width 0.05))
    (fp_line (start -3.25 1.05) (end -3.25 -1.05) (layer B.CrtYd) (width 0.05))
    (fp_line (start -3.25 1.05) (end 3.25 1.05) (layer B.CrtYd) (width 0.05))
    (fp_line (start -1 -1.02) (end 1 -1.02) (layer B.SilkS) (width 0.12))
    (fp_line (start 1 1.02) (end -1 1.02) (layer B.SilkS) (width 0.12))
    (fp_line (start -1.6 0.8) (end 1.6 0.8) (layer B.Fab) (width 0.1))
    (fp_line (start 1.6 0.8) (end 1.6 -0.8) (layer B.Fab) (width 0.1))
    (fp_line (start 1.6 -0.8) (end -1.6 -0.8) (layer B.Fab) (width 0.1))
    (fp_line (start -1.6 -0.8) (end -1.6 0.8) (layer B.Fab) (width 0.1))
    (fp_text user %R (at 0 1.75) (layer B.Fab)
      (effects (font (size 1 1) (thickness 0.15)) (justify mirror))
    )
    (pad 2 smd rect (at 2 0) (size 2 1.6) (layers B.Cu B.Paste B.Mask)
      (net 7 ENC_DATA))
    (pad 1 smd rect (at -2 0) (size 2 1.6) (layers B.Cu B.Paste B.Mask)
      (net 1 GND))
